8202
5338
2669
6298
7084
7079
4064
4270
9026
6335
9062
3628
5773
5681
2936
8622
1933
3282
4908
7160
8666
5959
8622
1994
4097
4532
7766
9490
9340
8629
2983
5272
3848
7181
2180
5465
1377
9978
3525
5052
7929
9650
3502
6798
5342
5278
5249
8025
8625
8805
9213
9034
9460
4095
9550
3214
4598
6602
3057
5435
8206
8584
4716
1021
2028
9052
1904
8779
4795
8554
5941
5437
3402
6476
9894
3396
9359
9997
1391
9220
1150
7325
9996
6861
4933
2785
8694
4115
4526
4346
2446
8236
2024
8866
4820
2282
2259
2352
9398
7062
2209
8727
9210
3781
6621
3589
4299
8199
2158
6497
1631
5784
2132
8970
2913
7300
7663
9805
7115
1580
7603
2184
9094
4884
1724
8352
7695
4375
3216
6388
5906
7837
5426
3878
3907
4553
2600
4388
6328
7884
8248
3268
4043
1847
7421
5418
2881
2241
1149
1730
2846
1802
7050
9992
5472
9805
6828
1262
7187
9790
4563
5818
7705
2790
2578
3749
5212
1109
7674
9890
5761
8193
9240
5832
3357
8244
2039
2890
3147
8203
2345
3353
6643
7343
5635
5189
3418
4735
5549
2616
8221
9620
7820
1322
9331
7637
1136
3305
4089
2393