27692691
27365947
27008413
27145618
27957458
27773228
27056688
27323625
27044804
27482188
27977864
27637427
27216595
27712730
27240203
27457241
27907917
27900391
27236225
27776161
27556371
27788546
27566905
27216276
27471149
27283481
27043875
27496284
27216622
27617466
27976162
27836513
27444715
27632162
27746650
27933824
27103469
27066530
27654598
27984889
27158541
27959072
27770338
27252793
27255632
27346271
27237732
27310912
27479874
27183422
27393675
27528929
27265389
27335373
27210066
27110206
27384603
27524448
27993294
27218548
27152867
27702996
27152488
27245546
27582567
27909232
27698899
27832597
27743526
27301638
27707892
27166417
27285225
27903583
27894914
27532644
27129909
27414044
27680218
27264407
27944508
27674705
27555721
27324972
27387888
27588033
27259807
27467496
27068828
27647162
27142594
27761700
27967612
27141840
27776410
27855611
27040010
27617070
27537417
27778942
27276145
27191578
27680163
27951540
27973891
27054710
27196546
27824240
27283960
27665517
27486679
27941801
27290581
27399505
27753887
27976003
27834582
27050547
27471452
27299514
27427620
27472745
27788789
27094697
27657539
27369341
27430412
27781823
27189258
27499925
27553772
27381190
27829571
27895489
27321588
27706015
27313607
27718388
27297420
27143842
27245697
27319316
27674638
27003730
27783157
27191625
27478650
27671659
27519935
27041848
27700703
27196918
27191817
27988997
27497800
27779022
27897775
27126665
27178432
27835761
27950601
27078565
27085899
27216620
27781138
27938989
27467041
27218995
27558771
27811966
27578595
27355936
27534291
27635293
27959005
27189554
27164200
27050572
27587987
27764520
27147380
27782126
27404705
27251292
27855126
27220892
27810295
27159215
27460143
27037013
27599586
27449108
27615327
27034737
27952439
27366833
27656915
27279273
27432748
27580032
27690652
27389669
27084441
27582939
27882934
27872305
27880635
27215724
27405184
27547354
27952118
27046965
27387221
27098640
27191131
27798382
27978354
27122809
27093416
27204147
27353426
27229909
27306060
27787711
27294949
27197882
27021616
27690284
27757213
27674661
27714113
27736199
27243069
27848478
27786999
27987328
27326448
27617016
27771044
27707204
27077492
27894559
27691254
27723888
27115300
27452269
27306212
27809426
27977487
27125442
27104565
27866316
27521416
27202147
27446959
27102264
27523934
27485423
27543027
27444160
27967097
27283757
27567994
27102423
27716964
27364799
27389851
27829978
27374222
27717977
27119497
27771195
27741994
27856413
27654947
27257497
27768839
27137783
27068892
27519372
27593663
27104713
27883542
27160108
27473913
27729867
27989758
27719002
27075473
27187880
27127581
27646773
27656134
27442842
27451498
27772758
27017809
27910688
27245262
27024207
27304643
27832076
27345116
27776658
27973597
27320286
27945333
27848290
27882802
27747988
27389397
27653384
27052118
27646177
27006898
27894325
27520270
27271719
27603611
27740354
27019901
27215851
27257366
27086070
27127304
27424902
27439110
27493103
27287835
27683499
27443997
27303867
27059022
27761269
27771103
27058711
27635265
27410451
27168091
27665014
27812571
27052061
27272233
27462286
27194068
27716988
27798278
27354840
27268584
27528378
27155432
27110752
27246482
27212154
27118195
27388428
27963456
27497977
27077283
27694671
27717349
27848234
27148533
27424554
27929646
27344628
27900905
27031780
27649721
27558369
27570312
27789241
27543469
27666691
27257691
27002380
27549271
27135930
27090296
27045456
27109525
27992938
27411036
27338744
27719182
27329998
27848493
27534479
27463490
27162787
27014592
27939364
27202924
27239265
27370232
27482768
27327978
27157241
27433224
27760903
27403694
27999914
27466777
27302879
27938187
27038066
27554386
27244042
27117662
27703655
27014655
27478363
27834877
27242626
27654669
27137776
27430609
27581750
27922504
27433884
27287048
27783681
27574526
27565586
27341860
27434264
27750066
27545112
27188171
27435097
27649021
27664391
27582621
27462303
27848933
27942927
27825290
27305261
27262546
27861149
27196607
27491545
27039916
27578990
27158068
27986763
27199054
27058611
27573820
27987256
27520737
27833738
27634262
27238585
27664533
27760314
27107265
27965420
27000506
27179789
27775356
27908729
27625464
27332713
27858211
27063869
27832200
27850094
27179838
27947446
27523671
27099207
27218371
27202494
27740937
27909265
27342054
27962618
27593617
27740811
27764311
27782324
27813885
27908966
27213832
27506086
27907516
27765968
27573024
27588003
27142511
27322377
27423775
27404385
27061269
27628386
27219846
27015992
27249227
27629950