67 42 88 39
27 75 72 96
71 59 40 29
70 18 25 70
25 83 43 45
80 16 89 15
71 36 24 62
94 14 10 11
11 86 13 60
26 92 42 34
58 96 15 65
76 93 43 50
83 24 19 13
56 73 95 34
15 42 26 82
41 75 63 38
33 56 67 29
80 45 69 79
40 95 26 25
61 78 59 81
22 27 82 99
19 44 44 50
92 17 38 11
91 24 95 52
77 69 28 13
29 21 95 78
24 56 12 35
18 55 48 79
98 44 20 39
42 50 33 47
59 61 93 57
41 90 67 18
96 68 23 37
26 75 22 36
99 99 81 70
32 96 83 16
37 97 37 60
38 35 51 10
85 99 72 22
73 62 93 89
66 24 20 47
45 71 67 54
28 46 26 39
79 90 52 31
35 32 46 66
20 69 20 90
66 15 53 37
91 14 44 80
28 68 23 98
75 21 57 33
22 84 29 79
23 27 21 31
56 49 63 74
17 19 84 19
53 47 28 36
82 76 51 34
94 87 64 85
13 93 14 74
16 49 30 77
55 64 80 30
76 42 48 90
74 14 44 61
58 31 30 46
46 82 41 68
47 63 11 85
43 34 81 92
20 65 97 53
69 88 33 35
21 58 39 15
38 78 94 87
60 17 16 35
72 86 62 40
39 50 37 81
76 98 36 19
64 18 84 78
83 32 65 72
97 32 94 58
18 54 51 53
43 43 71 85
86 11 73 31
13 61 12 30
77 25 21 91
77 60 59 68
49 45 29 64
31 63 84 40
41 48 87 38
27 91 98 33
73 89 48 62
52 28 88 23
25 30 86 17
55 65 88 57
89 36 16 17
74 12 40 32
66 41 92 52
70 49 46 12
54 12 51 45
10 57 54 14
87 55 27 23
10 22 97 34